JX_FALL01: 61,323,54,99
JX_FALL02: 113,329,113,35
JX_FALL03: 223,329,48,35
JX_FALL04: 236,291,48,43
JX_FALL05: 232,259,56,40
JX_FALL06: 76,721,156,37
JX_FALL07: 282,278,50,42
JX_FALL08: 314,740,130,54
JX_FALL09: 425,640,68,106
JX_FALL10: 420,44,67,72
JX_FALL11: 273,13,160,81
JX_FALL12: 187,10,117,48
JX_FALL13: 136,22,57,88
JX_FALL14: 198,60,70,38
JX_FALL15: 135,519,127,50
JX_FALL16: 254,539,137,50
JX_FALL17: 397,546,75,54
JX_FALL18: 325,95,56,75
JX_FALL19: 217,90,108,75
JX_FALLHUB: 469,551,170,103
JX_FALLBACK: 386,602,60,50
JX_FALLPIPE: 116,791,107,35
JX_FALLSNAGGING: 77,763,48,35
JX_FALLTRADER: 214,793,52,40
JX_FALLTREASURE: 232,233,52,40
JX_RISE01: 279,257,50,39
JX_RISE02: 304,295,51,44
JX_RISE03: 293,839,59,39
JX_RISE04: 181,839,109,43
JX_RISE05: 140,861,55,124
JX_RISE06: 98,379,50,118
JX_F_S01: 266,334,48,35
JX_F_S02: 286,864,50,39
JX_F_S03: 420,1137,22,28
JX_F_S04: 102,43,50,21
JX_F_S05: 359,554,50,21
JX_C_A01: 204,1313,58,39
JX_C_A02: 167,1286,61,39
GATE_MF_JX: 10,392,58,35
