Template: NONE
Clouds: 0.9021739
Grime: 0.09782609
Palette: 13
EffectColorA: 9
Effects: ReplaceEffectColorB-0.25-20-20-Color-0.7608696-0.8043478-0.6521739, Darkness-0.1956522-217-115, Fog-0.6086956-30-30, 
AmbientSounds: SPOT><am_env-lushnight.ogg><274.9471><327.7839><0.4673913><1><457.9471><2055.069><-723.3553><-530.3553><0><0.3065219, SPOT><am_env-pasture.ogg><836.0596><332.0613><0.3913043><1><453.0596><2074.062><-473.3553><-327.3553><0><0.3065219, SPOT><am_env-forest.ogg><453.9359><383.9262><0.3478261><1><449.9359><2072.927><-431.3553><-377.3553><0><0.3065219, SPOT><am_env-woods.ogg><689.3636><169.6037><0.4130435><1><458.3636><2070.604><-487.3553><-330.3553><0><0.3065219, SPOT><am_env-forest.ogg><458.8318><252.3918><0.1086956><0.6282609><484.8318><665.3918><-496.3553><-31.35535><0><0.2739132, SPOT><am_ind-deephum.ogg><510.2117><178.5537><0.1847826><1><465.2117><214.554><-217.3553><498.6447><0><0.2739132, SPOT><am_env-subterr.ogg><534.835><330.113><0.1086956><1><485.835><218.113><-125.3553><266.6447><0><0.2956523, 
FadePalette: 1800, 0, 0.2608696, 0.6086956
