WaveSpeed: 0.398616
WaveLength: 0.879058
WaveAmplitude: 0.01094856
SecondWaveLength: 0.1666667
SecondWaveAmplitude: 0
BkgDroneVolume: 0.3043478
PlacedObjects: LightSource><632.2062><1231.195><1~Environment~353~210~50~86.60254~0~0~None~1~0, LightFixture><235.3262><1424.651><RedLight~173.3205~98~60, LanternOnStick><259.3646><1179.353><-4~-88, LanternOnStick><236.45><1232.746><10~-136, DangleFruit><322.5759><1006.402><-250~-198~2~3, DangleFruit><357.001><964.8><-274~2~2~3, LightSource><230.2296><802.199><0.4021739~Environment~294~214~-247~333.6025~0~0~Fade~0.1521739~0, LightFixture><509.9142><509.1141><RedLight~17.32051~-10~80, LanternOnStick><293.8507><551.6331><5~-56, LanternOnStick><395.8033><571.9427><-4~-81, SnowSource><251.32><178.1628><Radial~70~4~50~86.60254~0.2717391~0.07608695, LightFixture><469.9979><262.8><RedLight~17.32051~-10~34, LightSource><414.4442><52.54794><0.3152174~Environment~217~105~50~86.60254~0~0~Fade~0.3369567~0, SnowSource><352.8387><1139.618><Radial~31~36~-81~147.6025~0.3804348~0.07608695, SnowSource><426.3091><933.191><Radial~49~-18~269~56.60254~0.4130435~0.2717391, SnowSource><277.0524><642.7805><Radial~-4~50~251~-0.3974609~0.2717391~0.2608696, SnowSource><246.9066><380.8755><Column~5~113~-242~100.6025~0.3043478~0.1086956, SnowSource><546.4515><1410.556><Radial~-3~47~135.1823~-198.8248~0.6370611~0.2717391, DeathFallFocus><350.0605><351.9407><, FirecrackerPlant><541.8146><1234.325><0~0~2~3, FirecrackerPlant><512.1907><1235.69><0~0~2~3, 
AmbientSounds: SPOT><am_ind-50hz.ogg><722.1927><522.1964><0.2826087><1><659.1926><1261.196><-99.35535><-63.35535><0><0.1, SPOT><am_ind-fabrik02.ogg><728.8887><389.3559><0.3369565><1><204.8885><893.3558><-28.35535><-189.3553><0><0.1, SPOT><am_ind-utility02.ogg><782.1743><75.1851><0.4456522><1><483.1743><342.1851><-153.3553><-120.3553><0><0.1, SPOT><mech active.wav><725.5558><155.4521><0.09782609><1><207.5558><366.4521><-180.3553><-123.3553><0><0.1, SPOT><am_ind-50hz.ogg><497.3871><545.3544><0.25><1><228.3871><1428.354><-72.35535><-68.35535><0><0.1, 
